0	10.47583
600	10.53883
1200	10.51218
1800	10.42582
2400	11.24218
3000	11.07499
3600	11.563
4200	11.51218
4800	11.438
5400	11.375
6000	11.38718
6600	11.11133
7200	10.56051
7800	9.81051
8400	9.47415
9000	9.27417
9600	9.27665
10200	9.438
10800	8.98633
11400	8.75
12000	8.76218
12600	8.52417
13200	8.44999
13800	8.38718
14400	8.375
15000	8.04833
15600	7.61133
16200	7.22415
16800	6.96217
17400	6.82499
18000	6.813
18600	6.64917
19200	6.33717
19800	6.08717
20400	5.88718
21000	5.69999
21600	5.46217
22200	5.32499
22800	5.13718
23400	5.063
24000	4.88718
24600	4.813
25200	4.63718
25800	4.51218
26400	4.5
27000	4.438
27600	4.375
28200	4.313
28800	4.313
29400	4.375
30000	4.375
30600	4.21217
31200	4.125
31800	4.063
32400	4.22583
33000	4.36301
33600	4.438
34200	4.39917
34800	4.26218
35400	4.30082
36000	4.313
36600	4.313
37200	4.313
37800	4.313
38400	4.375
39000	4.375
39600	4.375
40200	4.438
40800	4.5
41400	4.5
42000	4.55082
42600	4.51218
43200	4.563
43800	4.563
44400	4.563
45000	4.61301
45600	4.563
46200	4.563
46800	4.61301
47400	4.625
48000	4.67582
48600	4.688
49200	4.688
49800	4.688
50400	4.688
51000	4.688
51600	4.688
52200	4.75
52800	4.75
53400	4.75
54000	4.75
54600	4.76218
55200	4.76218
55800	4.76218
56400	4.813
57000	4.813
57600	4.813
58200	4.813
58800	4.813
59400	4.813
60000	4.86301
60600	4.813
61200	4.86301
61800	4.86301
62400	4.875
63000	4.875
63600	4.875
64200	4.92582
64800	4.938
65400	4.98801
66000	5.05082
66600	5.17582
67200	5.23801
67800	5.36301
68400	5.438
69000	5.61301
69600	5.83885
70200	6.03883
70800	6.23801
71400	6.47583
72000	6.77665
72600	6.98801
73200	7.22583
73800	7.36301
74400	7.55082
75000	7.67582
75600	7.688
76200	7.80082
76800	7.92582
77400	7.98801
78000	8.063
78600	8.01218
79200	8.11301
79800	8.35083
80400	8.78883
81000	8.92582
81600	9.11301
82200	9.125
82800	9.188
83400	9.188
84000	9.23801
84600	8.94999
85200	8.88718
85800	8.63718
86400	8.61301
87000	8.75
87600	8.688
88200	8.75
88800	8.73801
89400	8.64917
90000	8.67582
90600	8.73801
91200	8.813
91800	8.813
92400	8.875
93000	8.98801
93600	8.96217
94200	8.875
94800	8.875
95400	8.97583
96000	8.83717
96600	8.63718
97200	8.51218
97800	8.38718
98400	8.19999
99000	8.01218
99600	7.88718
100200	7.76218
100800	7.63718
101400	7.563
102000	7.44999
102600	7.32499
103200	7.26218
103800	7.19999
104400	7.07499
105000	7.01218
105600	6.938
106200	6.875
106800	6.813
107400	6.75
108000	6.688
108600	6.63718
109200	6.625
109800	6.625
110400	6.57499
111000	6.563
111600	6.563
112200	6.5
112800	6.44999
113400	6.438
114000	6.438
114600	6.438
115200	6.38718
115800	6.375
116400	6.313
117000	6.313
117600	6.313
118200	6.26218
118800	6.188
119400	6.23801
120000	6.25
120600	6.25
121200	6.25
121800	6.19999
122400	6.13718
123000	5.89917
123600	5.813
124200	5.92582
124800	5.98801
125400	6
126000	6.05082
126600	6.063
127200	6.125
127800	6.17582
128400	6.188
129000	6.25
129600	6.19999
130200	6.23801
130800	6.30082
131400	6.30082
132000	6.313
132600	6.313
133200	6.313
133800	6.32499
134400	6.42582
135000	6.438
135600	6.438
136200	6.5
136800	6.5
137400	6.5
138000	6.55082
138600	6.563
139200	6.563
139800	6.563
140400	6.563
141000	6.61301
141600	6.57499
142200	6.57499
142800	6.57499
143400	6.563
144000	6.625
144600	6.625
145200	6.563
145800	6.5
146400	6.438
147000	6.32499
147600	6.26218
148200	6.19999
148800	6.13718
149400	6.125
150000	6.063
150600	6.01218
151200	6
151800	5.94999
152400	5.938
153000	6
153600	5.938
154200	5.88718
154800	5.86301
155400	5.875
156000	5.938
156600	5.938
157200	5.82499
157800	5.813
158400	5.86301
159000	5.875
159600	5.86301
160200	5.82499
160800	5.86301
161400	6.05082
162000	6.11301
162600	6.35083
163200	6.42582
163800	6.44999
164400	6.32499
165000	6.25
165600	6.375
166200	6.375
166800	6.36301
167400	6.32499
168000	6.19999
168600	6.17582
169200	6.188
169800	6.125
170400	6.188
171000	6.188
171600	6.13718
172200	6.188
172800	6.42582
173400	6.32499
174000	6.26218
174600	6.188
175200	6.188
175800	6.17582
176400	6.188
177000	6.17582
177600	6.23801
178200	6.63967
178800	6.97583
179400	7.05082
180000	7.28883
180600	7.42582
181200	7.38718
181800	7.19999
182400	7.01218
183000	6.77417
183600	6.80082
184200	6.76218
184800	6.75
185400	6.69999
186000	6.57499
186600	6.33717
187200	6.07499
187800	5.94999
188400	5.82499
189000	5.80082
189600	5.86301
190200	5.813
190800	5.64917
191400	5.563
192000	5.5
192600	5.5
193200	5.5
193800	5.5
194400	5.55082
195000	5.61301
195600	5.625
196200	5.51218
196800	5.27417
197400	5.125
198000	5.23801
198600	5.03635
199200	4.78635
199800	4.58717
200400	4.39917
201000	4.26218
201600	4.13718
202200	4.01218
202800	3.88718
203400	3.875
204000	3.98801
204600	3.938
205200	3.938
205800	3.82499
206400	3.76218
207000	3.57499
207600	3.44999
208200	3.32499
208800	3.19999
209400	3.188
210000	3.188
210600	3.30082
211200	3.48801
211800	3.61301
212400	3.67582
213000	3.688
213600	3.63718
214200	3.51218
214800	3.27417
215400	3.188
216000	3.36301
216600	3.47583
217200	3.61301
217800	3.67582
218400	3.73801
219000	3.813
219600	3.875
220200	3.938
220800	3.938
221400	4
222000	4
222600	4.063
223200	4.063
223800	4.07499
224400	4.125
225000	4.125
225600	4.125
226200	4.125
226800	4.125
227400	4.125
228000	4.125
228600	4.125
229200	4.125
229800	4.063
230400	4.063
231000	4
231600	3.938
232200	3.938
232800	3.875
233400	3.47415
234000	3.14917
234600	2.96217
235200	2.76218
235800	2.63718
236400	2.688
237000	3.02665
237600	3.28883
238200	3.47583
238800	3.67582
239400	3.85083
240000	4.03883
240600	4.16383
241200	4.36301
241800	4.60083
242400	4.73801
243000	4.86301
243600	5.29051
244200	6.09133
244800	6.85083
245400	6.41135
246000	6.91135
246600	7.605
247200	8.02665
247800	8.69217
248400	8.7605
249000	8.88967
249600	9.03883
250200	9.46385
250800	9.61301
251400	9.18551
252000	10.06885
252600	10.28467
253200	9.53635
253800	9.72583
254400	11.68167
255000	12.29833
255600	11.26218
256200	10.94582
256800	11.01635
257400	10.4475
258000	11.17999
258600	10.89917
259200	11.66551
259800	11.70167
260400	11.3225
261000	10.92333
261600	10.58717
262200	10.44999
262800	10.16135
263400	9.91135
264000	9.88718
264600	9.813
265200	9.59915
265800	9.65165
266400	9.96385
267000	10.36301
267600	10.48801
268200	10.58717
268800	10.16135
269400	9.78635
270000	9.625
270600	9.34915
271200	8.91135
271800	8.76218
272400	8.58717
273000	8.46217
273600	8.32499
274200	8.26218
274800	7.96217
275400	7.76218
276000	7.813
276600	7.75
277200	7.63718
277800	7.57499
278400	7.563
279000	7.563
279600	7.5
280200	7.438
280800	7.38718
281400	7.375
282000	7.375
282600	7.375
283200	7.375
283800	7.313
284400	7.375
285000	7.313
285600	7.313
286200	7.26218
286800	7.25
287400	7.25
288000	7.19999
288600	7.188
289200	7.188
289800	7.188
290400	7.188
291000	7.125
291600	7.063
292200	7
292800	6.938
293400	6.88718
294000	6.88718
294600	6.938
295200	6.938
295800	6.94999
296400	7
297000	7.05082
297600	7.01218
298200	7.063
298800	7.063
299400	7.11301
300000	7.07499
300600	7.063
301200	7.063
301800	7.01218
302400	7
303000	7
303600	6.938
304200	6.875
304800	6.875
305400	6.875
306000	6.875
306600	6.875
307200	6.875
307800	6.82499
308400	6.813
309000	6.75
309600	6.75
310200	6.69999
310800	6.69999
311400	6.688
312000	6.688
312600	6.73801
313200	6.75
313800	6.75
314400	6.75
315000	6.80082
315600	6.80082
316200	6.80082
316800	6.76218
317400	6.76218
318000	6.813
318600	6.813
319200	6.76218
319800	6.69999
320400	6.58717
321000	6.33717
321600	6.25
322200	6.188
322800	6.188
323400	6.25
324000	6.36301
324600	6.438
325200	6.48801
325800	6.61301
326400	6.73801
327000	6.86301
327600	7.03883
328200	7.22583
328800	7.36301
329400	7.60083
330000	7.85083
330600	8.20167
331200	8.77665
331800	9.41551
332400	9.688
333000	9.688
333600	9.80082
334200	9.86301
334800	10.05082
335400	10.89135
336000	12.09133
336600	13.418
337200	14.76635
337800	14.6355
338400	14.17333
339000	15.293
339600	16.52833
340200	17.3655
340800	18.668
341400	19.63967
342000	18.57082
342600	17.64749
343200	17.27417
343800	17.23801
344400	17.25
345000	16.96217
345600	16.82499
346200	16.43551
346800	15.73633
347400	15.23633
348000	14.84915
348600	14.64917
349200	14.51218
349800	14.33717
350400	13.5725
351000	13.09915
351600	12.88718
352200	12.86301
352800	12.58717
353400	12.38718
354000	12.26218
354600	12.02417
355200	11.88718
355800	11.82499
356400	11.75
357000	11.63718
357600	11.39917
358200	11.14917
358800	11.01218
359400	10.88718
360000	10.813
360600	10.76218
361200	10.63718
361800	10.51218
362400	10.32499
363000	10.13718
363600	9.89917
364200	9.64917
364800	9.625
365400	9.57499
366000	9.51218
366600	9.44999
367200	9.38718
367800	9.32499
368400	9.25
369000	9.13718
369600	9.01218
370200	8.83717
370800	8.64917
371400	8.57499
372000	8.61301
372600	8.688
373200	8.688
373800	8.63718
374400	8.44999
375000	8.313
375600	8.313
376200	8.26218
376800	8.25
377400	8.19999
378000	8.188
378600	8.188
379200	8.188
379800	8.125
380400	8.07499
381000	8.063
381600	8
382200	7.88718
382800	7.76218
383400	7.69999
384000	7.63718
384600	7.625
385200	7.57499
385800	7.51218
386400	7.38718
387000	7.438
387600	7.38718
388200	7.32499
388800	7.26218
389400	7.19999
390000	6.94999
390600	6.83717
391200	6.58717
391800	6.438
392400	6.27417
393000	6.13718
393600	6.063
394200	6.16383
394800	6.28883
395400	6.42582
396000	6.48801
396600	6.55082
397200	6.61301
397800	6.61301
398400	6.625
399000	6.563
399600	6.563
400200	6.67582
400800	6.688
401400	6.73801
402000	6.688
402600	6.75
403200	6.75
403800	6.75
404400	6.64917
405000	6.563
405600	6.625
406200	6.51218
406800	6.55082
407400	6.563
408000	6.563
408600	6.563
409200	6.51218
409800	6.55082
410400	6.563
411000	6.51218
411600	6.61301
412200	6.90165
412800	6.98801
413400	7.063
414000	7.125
414600	7.23801
415200	7.30082
415800	7.95415
416400	8.17582
417000	8.375
417600	9.05082
418200	9.23801
418800	9.08717
419400	9.26467
420000	9.57499
420600	9.33717
421200	9.42582
421800	9.66551
422400	10.9705
423000	11.65967
423600	10.84915
424200	10.48633
424800	10.85332
425400	11.46385
426000	12.02665
426600	12.39917
427200	13.45583
427800	12.6355
428400	12.58885
429000	12.48633
429600	12.35083
430200	12.79051
430800	13.17582
431400	14.3455
432000	14.20968
432600	13.938
433200	14.60083
433800	14.688
434400	14.53883
435000	14.17333
435600	13.83717
436200	14.38718
436800	14.16135
437400	13.56051
438000	13.11133
438600	12.49832
439200	12.438
439800	12.71385
440400	12.813
441000	12.23633
441600	11.94999
442200	12.10083
442800	11.97415
443400	11.83717
444000	11.41135
444600	11.42582
445200	11.32499
445800	11.25
446400	11.19999
447000	10.84915
447600	10.57499
448200	10.5
448800	10.16135
449400	10
450000	9.94999
450600	9.88718
451200	9.71217
451800	9.57499
452400	9.51218
453000	9.44999
453600	9.375
454200	9.313
454800	9.19999
455400	9.125
456000	8.96217
456600	8.76218
457200	8.69999
457800	8.63718
458400	8.625
459000	8.563
459600	8.563
460200	8.438
460800	8.38718
461400	8.25
462000	8.09915
462600	7.94999
463200	7.813
463800	7.813
464400	7.76218
465000	7.69999
465600	7.63718
466200	7.51218
466800	7.32499
467400	7.19999
468000	7.13718
468600	7.13718
469200	7.188
469800	7.188
470400	7.23801
471000	7.23801
471600	7.19999
472200	7.19999
472800	7.188
473400	7.188
474000	7.188
474600	7.188
475200	7.188
475800	7.188
476400	7.19999
477000	7.125
477600	7.063
478200	7
478800	7
479400	6.94999
480000	6.938
480600	6.938
481200	6.88718
481800	6.92582
482400	6.875
483000	6.86301
483600	6.875
484200	6.813
484800	6.76218
485400	6.69999
486000	6.688
486600	6.688
487200	6.625
487800	6.625
488400	6.563
489000	6.563
489600	6.55082
490200	6.563
490800	6.563
491400	6.5
492000	6.44999
492600	6.5
493200	6.5
493800	6.5
494400	6.5
495000	6.5
495600	6.55082
496200	6.563
496800	6.563
497400	6.625
498000	6.73801
498600	6.75
499200	6.813
499800	6.92582
500400	6.98801
501000	7.05082
501600	7.125
502200	7.23801
502800	7.36301
503400	7.48801
504000	7.61301
504600	7.80082
505200	7.98801
505800	8.11301
506400	8.28883
507000	8.42582
507600	8.60083
508200	8.67582
508800	8.80082
509400	8.92582
510000	9.05082
510600	9.125
511200	8.94999
511800	8.76218
512400	8.63718
513000	8.76218
513600	9.50665
514200	10.95415
514800	11.57667
515400	12.03883
516000	12.30082
516600	12.36301
517200	12.72832
517800	13.72832
518400	14.37749
519000	14.88967
519600	15.38967
520200	15.78883
520800	16.15165
521400	16.47583
522000	16.78883
522600	17.03883
523200	17.28883
523800	17.53883
524400	17.78883
525000	17.98801
525600	18.17582
526200	18.36301
526800	18.48801
527400	18.563
528000	18.37332
528600	17.97415
529200	17.59915
529800	17.27417
530400	16.96217
531000	16.71217
531600	16.46217
532200	16.21217
532800	15.96217
533400	15.76218
534000	15.58717
534600	15.38718
535200	15.19999
535800	15.02417
536400	14.83717
537000	14.69999
537600	14.57499
538200	14.438
538800	14.27417
539400	14.188
540000	14.01218
540600	13.89917
541200	13.82499
541800	13.75
542400	13.57499
543000	13.51218
543600	13.438
544200	13.375
544800	13.25
545400	13.19999
546000	13.13718
546600	13.063
547200	13
547800	12.938
548400	12.875
549000	12.813
549600	12.75
550200	12.688
550800	12.625
551400	12.57499
552000	12.51218
552600	12.5
553200	12.438
553800	12.375
554400	12.375
555000	12.313
555600	12.26218
556200	12.25
556800	12.23801
557400	12.188
558000	12.13718
558600	12.125
559200	12.125
559800	12.063
560400	12.063
561000	12
561600	11.938
562200	11.938
562800	11.88718
563400	11.875
564000	11.875
564600	11.813
565200	11.813
565800	11.813
566400	11.75
567000	11.75
567600	11.75
568200	11.69999
568800	11.688
569400	11.688
570000	11.63718
570600	11.625
571200	11.625
571800	11.563
572400	11.563
573000	11.563
573600	11.563
574200	11.51218
574800	11.5
575400	11.5
576000	11.5
576600	11.438
577200	11.438
577800	11.438
578400	11.38718
579000	11.375
579600	11.375
580200	11.375
580800	12.34301
581400	13.07667
582000	13.02249
582600	12.58717
583200	12.38718
583800	12.313
584400	13.68167
585000	14.23801
585600	14.36301
586200	14.26218
586800	15.04051
587400	15.68968
588000	16.15165
588600	16.47583
589200	16.5
589800	16.71385
590400	16.97583
591000	17.23801
591600	17.53883
592200	17.72583
592800	17.97583
593400	18.16383
594000	18.36301
594600	18.60083
595200	18.73801
595800	18.92582
596400	19.05082
597000	19.17582
597600	19.188
598200	19.23801
598800	18.69582
599400	16.86915
600000	15.58468
600600	15.21217
601200	15.46385
601800	15.46217
602400	15.313
603000	15.36301
603600	14.73633
604200	14.46217
604800	14.26218
605400	14.25
606000	15.47583
606600	15.563
607200	15.5
607800	15.7405
608400	16.37749
609000	16.90165
609600	17.21385
610200	17.52665
610800	17.90165
611400	18.16383
612000	18.36301
612600	17.69582
613200	16.81051
613800	16.34915
614400	16.03635
615000	15.83717
615600	15.63718
616200	15.5
616800	15.32499
617400	15.19999
618000	15.01218
618600	14.88718
619200	14.813
619800	14.69999
620400	14.63718
621000	14.563
621600	14.44999
622200	14.438
622800	14.32499
623400	14.26218
624000	14.19999
624600	14.125
625200	14.07499
625800	14.01218
626400	13.94999
627000	13.82499
627600	13.813
628200	13.75
628800	13.69999
629400	13.63718
630000	13.625
630600	13.57499
631200	13.563
631800	13.5
632400	13.438
633000	13.38718
633600	13.33717
634200	13.313
634800	13.313
635400	13.26218
636000	13.25
636600	13.188
637200	13.188
637800	13.188
638400	13.125
639000	13.07499
639600	13.063
640200	13.063
640800	13
641400	13
642000	12.98801
642600	12.938
643200	12.938
643800	12.938
644400	12.875
645000	12.875
645600	12.82499
646200	12.813
646800	12.813
647400	12.75
648000	12.75
648600	12.75
649200	12.69999
649800	12.688
650400	12.63718
651000	12.625
651600	12.625
652200	12.625
652800	12.625
653400	12.563
654000	12.563
654600	12.51218
655200	12.5
655800	12.5
656400	12.5
657000	12.438
657600	12.438
658200	12.438
658800	12.375
659400	12.375
660000	12.375
660600	12.375
661200	12.313
661800	12.313
662400	12.313
663000	12.26218
663600	12.26218
664200	12.25
664800	12.25
665400	12.25
666000	12.19999
666600	12.188
667200	12.438
667800	13.19217
668400	14.04051
669000	14.68968
669600	15.26467
670200	15.76467
670800	16.08885
671400	16.40165
672000	16.66383
672600	16.85083
673200	16.98801
673800	17.11301
674400	17.188
675000	17.188
675600	17.13718
676200	17.01218
676800	16.94999
677400	16.938
678000	16.98801
678600	17
679200	17.063
679800	17.125
680400	17.17582
681000	17.25
681600	17.36301
682200	17.60083
682800	17.73801
683400	17.813
684000	18.03883
684600	18.125
685200	18.125
685800	18.17582
686400	18.35083
687000	18.48801
687600	18.61301
688200	18.67582
688800	18.75
689400	18.86301
690000	18.98801
690600	18.59667
691200	18.64383
691800	20.80499
692400	21.76467
693000	22.54051
693600	22.0305
694200	19.93383
694800	20.48665
695400	20.895
696000	19.48385
696600	19.13718
697200	19.125
697800	19.125
698400	19.17582
699000	19.25
699600	19.25
700200	19.25
700800	19.25
701400	18.49832
702000	18.09915
702600	17.83717
703200	17.57499
703800	17.38718
704400	17.14917
705000	17.01218
705600	16.83717
706200	16.69999
706800	16.57499
707400	16.44999
708000	16.32499
708600	16.19999
709200	16.07499
709800	15.94999
710400	15.88718
711000	15.813
711600	15.688
712200	15.625
712800	15.5
713400	15.438
714000	15.313
714600	15.19999
715200	15.188
715800	15.07499
716400	15
717000	14.938
717600	14.82499
718200	14.76218
718800	14.69999
719400	14.625
720000	14.563
720600	14.44999
721200	14.38718
721800	14.26218
722400	14.13718
723000	14.01218
723600	13.94999
724200	13.82499
724800	13.813
725400	13.688
726000	13.625
726600	13.51218
727200	13.44999
727800	13.375
728400	13.313
729000	13.25
729600	13.188
730200	13.125
730800	13.063
731400	13
732000	12.94999
732600	12.875
733200	12.813
733800	12.80082
734400	12.69999
735000	12.63718
735600	12.57499
736200	12.51218
736800	12.44999
737400	12.438
738000	12.375
738600	12.313
739200	12.26218
739800	12.25
740400	12.13718
741000	12.125
741600	12.063
742200	12.01218
742800	12
743400	11.938
744000	11.875
744600	11.875
745200	11.813
745800	11.75
746400	11.75
747000	11.73801
747600	11.688
748200	11.625
748800	11.57499
749400	11.563
750000	11.51218
750600	11.5
751200	11.438
751800	11.438
752400	11.375
753000	11.375
753600	11.71385
754200	12.20167
754800	12.63967
755400	12.96385
756000	13.28883
756600	13.53883
757200	13.78883
757800	13.98801
758400	14.17582
759000	14.35083
759600	14.48801
760200	14.67582
760800	14.80082
761400	14.86301
762000	14.98801
762600	15.05082
763200	15.22583
763800	15.36301
764400	15.53883
765000	15.67582
765600	15.80082
766200	15.938
766800	16.05082
767400	16.17582
768000	16.23801
768600	16.25
769200	16.313
769800	16.42582
770400	16.48801
771000	16.563
771600	16.625
772200	16.67582
772800	16.73801
773400	16.80082
774000	16.97583
774600	17.11301
775200	17.23801
775800	17.42582
776400	17.55082
777000	17.625
777600	17.67582
778200	17.688
778800	18.28499
779400	19.69999
780000	19.18383
780600	18.79833
781200	19.89917
781800	18.583
782400	17.73633
783000	17.688
783600	17.73801
784200	17.80082
784800	17.86301
785400	17.875
786000	17.875
786600	17.1975
787200	16.78635
787800	16.52417
788400	16.32499
789000	16.13718
789600	16.01218
790200	15.88718
790800	15.76218
791400	15.63718
792000	15.51218
792600	15.438
793200	15.32499
793800	15.25
794400	15.13718
795000	15.01218
795600	14.94999
796200	14.875
796800	14.813
797400	14.69999
798000	14.63718
798600	14.563
799200	14.44999
799800	14.38718
800400	14.32499
801000	14.25
801600	14.188
802200	14.07499
802800	14.063
803400	13.94999
804000	13.88718
804600	13.82499
805200	13.75
805800	13.688
806400	13.625
807000	13.57499
807600	13.563
808200	13.44999
808800	13.438
809400	13.32499
810000	13.313
810600	13.25
811200	13.19999
811800	13.13718
812400	13.07499
813000	13.063
813600	13
814200	12.94999
814800	12.875
815400	12.82499
816000	12.813
816600	12.75
817200	12.688
817800	12.625
818400	12.57499
819000	12.51218
819600	12.44999
820200	12.438
820800	12.375
821400	12.32499
822000	12.26218
822600	12.25
823200	12.188
823800	12.125
824400	12.07499
825000	12.063
825600	12
826200	11.94999
826800	11.875
827400	11.82499
828000	11.76218
828600	11.75
829200	11.688
829800	11.63718
830400	11.57499
831000	11.51218
831600	11.5
832200	11.438
832800	11.375
833400	11.32499
834000	11.26218
834600	11.25
835200	11.188
835800	11.125
836400	11.07499
837000	11.01218
837600	10.94999
838200	10.938
838800	10.875
839400	10.813
840000	10.813
840600	10.75
841200	10.688
841800	10.688
842400	10.625
843000	10.57499
843600	10.563
844200	10.51218
844800	10.5
845400	10.44999
846000	10.438
846600	10.438
847200	10.438
847800	10.375
848400	10.375
849000	10.375
849600	10.375
850200	10.375
850800	10.375
851400	10.375
852000	10.375
852600	10.375
853200	10.375
853800	10.375
854400	10.375
855000	10.375
855600	10.375
856200	10.375
856800	10.375
857400	10.375
858000	10.375
858600	10.375
859200	10.375
859800	10.375
860400	10.375
861000	10.375
861600	10.42582
862200	10.438
862800	10.438
863400	10.438
864000	10.438
864600	10.438
865200	10.438
865800	10.438
866400	10.438
867000	10.438
867600	10.438
868200	10.438
868800	10.438
869400	10.438
870000	10.438
870600	10.438
871200	10.438
871800	10.438
872400	10.438
873000	10.438
873600	10.44999
874200	10.438
874800	10.438
875400	10.44999
876000	10.438
876600	10.438
877200	10.44999
877800	10.438
878400	10.48801
879000	10.44999
879600	10.438
880200	10.48801
880800	10.438
881400	10.438
882000	10.438
882600	10.48801
883200	10.438
883800	10.44999
884400	10.438
885000	10.438
885600	10.438
886200	10.48801
886800	10.438
887400	10.438
888000	10.438
888600	10.438
889200	10.438
889800	10.438
890400	10.438
891000	10.438
891600	10.438
892200	10.438
892800	10.438
893400	10.438
894000	10.38718
894600	10.38718
895200	10.375
895800	10.375
896400	10.375
897000	10.36301
897600	10.375
898200	10.36301
898800	10.375
899400	10.313
900000	10.313
900600	10.313
901200	10.313
901800	10.313
902400	10.313
903000	10.313
903600	10.313
904200	10.25
904800	10.30082
905400	10.25
906000	10.25
906600	10.25
907200	10.25
907800	10.25
908400	10.188
909000	10.188
909600	10.188
910200	10.188
910800	10.188
911400	10.125
912000	10.125
912600	10.125
913200	10.13718
913800	10.125
914400	10.125
915000	10.125
915600	10.125
916200	10.07499
916800	10.063
917400	10.063
918000	10.063
918600	10.063
919200	10.063
919800	10
920400	10
921000	10
921600	10
922200	10
922800	9.98801
923400	9.938
924000	9.938
924600	9.938
925200	9.938
925800	9.88718
926400	9.875
927000	9.875
927600	9.875
928200	9.875
928800	9.875
929400	9.875
930000	9.875
930600	9.875
931200	9.86301
931800	9.86301
932400	9.82499
933000	9.813
933600	9.82499
934200	9.813
934800	9.813
935400	9.86301
936000	9.813
936600	9.813
937200	9.813
937800	9.813
938400	9.875
939000	9.875
939600	9.875
940200	9.875
940800	9.875
941400	9.875
942000	9.938
942600	9.88718
943200	9.938
943800	9.938
944400	9.938
945000	9.94999
945600	10
946200	10
946800	10
947400	10
948000	10.05082
948600	10.063
949200	10.063
949800	10.11301
950400	10.11301
951000	10.125
951600	10.125
952200	10.125
952800	10.188
953400	10.188
954000	10.188
954600	10.25
955200	10.25
955800	10.25
956400	10.30082
957000	10.313
957600	10.313
958200	10.36301
958800	10.375
959400	10.375
960000	10.42582
960600	10.438
961200	10.438
961800	10.438
962400	10.438
963000	10.48801
963600	10.5
964200	10.5
964800	10.5
965400	10.5
966000	10.563
966600	10.563
967200	10.563
967800	10.563
968400	10.563
969000	10.61301
969600	10.563
970200	10.625
970800	10.625
971400	10.625
972000	10.625
972600	10.625
973200	10.625
973800	10.625
974400	10.625
975000	10.625
975600	10.625
976200	10.625
976800	10.625
977400	10.625
978000	10.625
978600	10.625
979200	10.625
979800	10.625
980400	10.625
981000	10.625
981600	10.61301
982200	10.61301
982800	10.625
983400	10.57499
984000	10.563
984600	10.563
985200	10.563
985800	10.563
986400	10.563
987000	10.51218
987600	10.5
988200	10.5
988800	10.5
989400	10.48801
990000	10.438
990600	10.438
991200	10.438
991800	10.38718
992400	10.375
993000	10.375
993600	10.32499
994200	10.313
994800	10.313
995400	10.313
996000	10.25
996600	10.25
997200	10.25
997800	10.188
998400	10.188
999000	10.125
999600	10.07499
1000200	10.063
1000800	10.063
1001400	10
1002000	10.01218
1002600	10
1003200	9.938
1003800	9.938
1004400	9.938
1005000	9.875
1005600	9.875
1006200	9.82499
1006800	9.813
1007400	9.813
1008000	9.813
1008600	9.75
1009200	9.75
1009800	9.75
1010400	9.688
1011000	9.688
1011600	9.688
1012200	9.86301
1012800	10.21385
1013400	10.52665
1014000	10.83885
1014600	11.22583
1015200	11.53883
1015800	11.85083
1016400	12.21385
1017000	12.47583
1017600	12.83885
1018200	13.15165
1018800	13.52665
1019400	13.85083
1020000	14.21385
1020600	14.53883
1021200	14.85083
1021800	15.15165
1022400	15.46385
1023000	15.77665
1023600	16.10083
1024200	16.35083
1024800	16.66383
1025400	16.91383
1026000	17.21385
1026600	17.46385
1027200	17.73801
1027800	18.03883
1028400	18.23801
1029000	18.47583
1029600	18.67582
1030200	18.91383
1030800	19.21385
1031400	19.42582
1032000	19.67582
1032600	19.86301
1033200	20.08885
1033800	20.28883
1034400	20.47583
1035000	20.66383
1035600	20.78883
1036200	20.92582
1036800	21.05082
1037400	21.28883
1038000	21.48801
1038600	21.5
1039200	21.30883
1039800	21.24832
1040400	21.23801
1041000	23.00417
1041600	23.60083
1042200	23.73801
1042800	24.02665
1043400	24.46385
1044000	23.83051
1044600	21.958
1045200	21.11133
1045800	20.82499
1046400	20.76218
1047000	20.52417
1047600	20.27417
1048200	20.02417
1048800	19.67333
1049400	19.28635
1050000	18.91135
1050600	18.48633
1051200	18.09915
1051800	17.54833
1052400	17.04833
1053000	16.61133
1053600	16.22415
1054200	15.78635
1054800	15.46217
1055400	15.09915
1056000	14.78635
1056600	14.52417
1057200	14.38718
1057800	14.375
1058400	14.32499
1059000	14.313
1059600	14.19999
1060200	14.13718
1060800	14.063
1061400	13.94999
1062000	13.875
1062600	13.76218
1063200	13.69999
1063800	13.52417
1064400	13.44999
1065000	13.27417
1065600	13.19999
1066200	13.07499
1066800	12.94999
1067400	12.82499
1068000	12.69999
1068600	12.625
1069200	12.51218
1069800	12.44999
1070400	12.375
1071000	12.313
1071600	12.19999
1072200	12.13718
1072800	12.01218
1073400	11.88718
1074000	11.76218
1074600	11.63718
1075200	11.51218
1075800	11.563
1076400	11.625
1077000	11.67582
1077600	11.625
1078200	11.625
1078800	11.625
1079400	11.625
1080000	11.625
1080600	11.625
1081200	11.625
1081800	11.563
1082400	11.563
1083000	11.563
1083600	11.51218
1084200	11.44999
1084800	11.38718
1085400	11.313
1086000	11.313
1086600	11.26218
1087200	11.25
1087800	11.13718
1088400	11.07499
1089000	11.063
1089600	11.063
1090200	11.063
1090800	11
1091400	10.938
1092000	10.88718
1092600	10.813
1093200	10.813
1093800	10.86301
1094400	10.813
1095000	10.813
1095600	10.813
1096200	10.813
1096800	10.75
1097400	10.688
1098000	10.63718
1098600	10.625
1099200	10.57499
1099800	10.625
1100400	10.57499
1101000	10.46217
1101600	10.32499
1102200	10.19999
1102800	10.125
1103400	10.125
1104000	10.45167
1104600	10.72583
1105200	11.10083
1105800	11.5525
1106400	12.21633
1107000	13.39135
1107600	14.34133
1108200	14.77665
1108800	15.27665
1109400	16.00249
1110000	16.85332
1110600	17.72832
1111200	18.4905
1111800	19.3025
1112400	20.01467
1113000	20.4905
1113600	21.3025
1114200	22.07667
1114800	22.65165
1115400	23.47832
1116000	24.15165
1116600	24.91551
1117200	25.22415
1117800	25.67582
1118400	26.32667
1119000	26.96385
1119600	27.50249
1120200	28.01467
1120800	28.23801
1121400	28.1975
1122000	28.60083
1122600	29.01467
1123200	29.57667
1123800	29.90165
1124400	30.10083
1125000	30.17582
1125600	30.26218
1126200	30.35083
1126800	30.33717
1127400	30.19999
1128000	30.11133
1128600	30.06468
1129200	29.61133
1129800	29.03883
1130400	28.43135
1131000	25.95551
1131600	24.38301
1132200	23.28467
1132800	22.3855
1133400	21.6355
1134000	20.93551
1134600	20.37332
1135200	19.91135
1135800	19.47415
1136400	19.11133
1137000	18.72415
1137600	18.34915
1138200	17.97415
1138800	17.59915
1139400	17.22415
1140000	16.84915
1140600	16.47415
1141200	16.16135
1141800	15.78635
1142400	15.47415
1143000	15.16135
1143600	14.89917
1144200	14.64917
1144800	14.39917
1145400	14.19999
1146000	14.07499
1146600	13.94999
1147200	13.82499
1147800	13.58717
1148400	13.33717
1149000	13.13718
1149600	13.01218
1150200	12.82499
1150800	12.69999
1151400	12.63718
1152000	12.51218
1152600	12.38718
1153200	12.14917
1153800	11.96217
1154400	11.71217
1155000	11.52417
1155600	11.33717
1156200	11.19999
1156800	11.02417
1157400	10.83717
1158000	10.64917
1158600	10.51218
1159200	10.33717
1159800	10.19999
1160400	10.01218
1161000	9.88718
1161600	9.76218
1162200	9.57499
1162800	9.44999
1163400	9.32499
1164000	9.19999
1164600	9.125
1165200	9.01218
1165800	8.88718
1166400	8.813
1167000	8.69999
1167600	8.625
1168200	8.5
1168800	8.38718
1169400	8.313
1170000	8.19999
1170600	8.13718
1171200	8.063
1171800	7.938
1172400	7.82499
1173000	7.75
1173600	7.688
1174200	7.625
1174800	7.51218
1175400	7.44999
1176000	7.375
1176600	7.26218
1177200	7.19999
1177800	7.13718
1178400	7.07499
1179000	7.01218
1179600	6.94999
1180200	6.938
1180800	6.875
1181400	6.813
1182000	6.75
1182600	6.69999
1183200	6.63718
1183800	6.625
1184400	6.563
1185000	6.563
1185600	6.563
1186200	6.625
1186800	6.73801
1187400	6.86301
1188000	6.98801
1188600	7.17582
1189200	7.46385
1189800	7.88967
1190400	8.38967
1191000	8.88967
1191600	9.45167
1192200	10.00249
1192800	10.6775
1193400	11.4905
1194000	12.2405
1194600	13.10332
1195200	14.04051
1195800	14.8025
1196400	15.6775
1197000	16.64135
1197600	17.65333
1198200	18.5525
1198800	19.47832
1199400	20.20415
1200000	19.49583
1200600	20.36718
1201200	20.93968
1201800	21.49218
1202400	21.54417
1203000	20.00801
1203600	18.73385
1204200	19.71
1204800	21.29051
1205400	21.13133
1206000	21.19217
1206600	20.75249
1207200	21.18167
1207800	20.88718
1208400	22.043
1209000	20.98633
1209600	22.78082
1210200	24.25417
1210800	24.49832
1211400	24.57667
1212000	24.34133
1212600	24.82082
1213200	24.918
1213800	26.14383
1214400	26.97832
1215000	27.14749
1215600	27.07082
1216200	26.71801
1216800	26.68383
1217400	24.77
1218000	23.72167
1218600	22.93551
1219200	22.52417
1219800	21.9475
1220400	21.37332
1221000	20.68551
1221600	20.38718
1222200	19.98633
1222800	19.42333
1223400	18.97415
1224000	18.53635
1224600	18.16135
1225200	17.78635
1225800	17.47415
1226400	17.09915
1227000	16.77417
1227600	16.39917
1228200	16.03635
1228800	15.72415
1229400	15.46217
1230000	15.21217
1230600	14.96217
1231200	14.71217
1231800	14.46217
1232400	14.21217
1233000	14.01218
1233600	13.77417
1234200	13.58717
1234800	13.38718
1235400	13.21217
1236000	13.125
1236600	13.01218
1237200	12.88718
1237800	12.82499
1238400	12.813
1239000	12.69999
1239600	12.625
1240200	12.625
1240800	12.688
1241400	12.688
1242000	12.63718
1242600	12.5
1243200	12.5
1243800	12.44999
1244400	12.21217
1245000	12.125
1245600	12.17582
1246200	12.07499
1246800	12.063
1247400	12
1248000	11.88718
1248600	11.82499
1249200	11.63718
1249800	11.58717
1250400	11.51218
1251000	11.21217
1251600	11.07499
1252200	10.89917
1252800	10.76218
1253400	10.80082
1254000	10.69999
1254600	10.688
1255200	10.688
1255800	10.58717
1256400	10.39917
1257000	10.313
1257600	10.19999
1258200	10.01218
1258800	9.77417
1259400	9.75
1260000	9.86301
1260600	9.82499
1261200	9.64917
1261800	9.46217
1262400	9.38718
1263000	9.313
1263600	9.375
1264200	9.14917
1264800	8.96217
1265400	8.82499
1266000	8.688
1266600	8.52417
1267200	8.438
1267800	8.32499
1268400	8.25
1269000	8.23801
1269600	8.30082
1270200	8.313
1270800	8.19999
1271400	8.07499
1272000	8
1272600	8
1273200	8.27665
1273800	8.5
1274400	8.5
1275000	8.67582
1275600	8.85083
1276200	9.37749
1276800	10.00249
1277400	10.62749
1278000	11.3025
1278600	11.93968
1279200	12.6775
1279800	13.41551
1280400	14.22832
1281000	14.9905
1281600	15.79051
1282200	16.6155
1282800	17.4275
1283400	18.29051
1284000	19.16551
1284600	20.10332
1285200	20.8655
1285800	21.66551
1286400	22.41551
1287000	23.22832
1287600	24.04051
1288200	24.8025
1288800	25.4905
1289400	26.02665
1290000	26.90333
1290600	25.57635
1291200	26.7205
1291800	28.26635
1292400	27.875
1293000	25.56833
1293600	24.49832
1294200	24.26218
1294800	24.0725
1295400	23.61133
1296000	23.38718
1296600	23.32499
1297200	23.19999
1297800	23.02417
1298400	22.88718
1299000	23.03883
1299600	23.38967
1300200	23.77665
1300800	23.71217
1301400	23.41135
1302000	25.61967
1302600	24.89332
1303200	23.42165
1303800	22.73633
1304400	22.33717
1305000	22.19999
1305600	21.92333
1306200	21.69999
1306800	21.57499
1307400	21.39917
1308000	20.97415
1308600	20.66135
1309200	20.34915
1309800	20.02417
1310400	19.66135
1311000	19.28635
1311600	18.96217
1312200	18.66135
1312800	18.39917
1313400	18.14917
1314000	17.89917
1314600	17.64917
1315200	17.44999
1315800	17.21217
1316400	17.02417
1317000	16.82499
1317600	16.64917
1318200	16.51218
1318800	16.33717
1319400	15.98633
1320000	15.48633
1320600	15.09915
1321200	14.77417
1321800	14.47415
1322400	14.21217
1323000	13.96217
1323600	13.82499
1324200	13.69999
1324800	13.625
1325400	13.625
1326000	13.688
1326600	13.688
1327200	13.688
1327800	13.688
1328400	13.688
1329000	13.63718
1329600	13.625
1330200	13.57499
1330800	13.563
1331400	13.51218
1332000	13.438
1332600	13.38718
1333200	13.32499
1333800	13.313
1334400	13.25
1335000	13.25
1335600	13.188
1336200	13.125
1336800	13.07499
1337400	13.063
1338000	13.01218
1338600	13
1339200	12.938
1339800	12.875
1340400	12.813
1341000	12.813
1341600	12.75
1342200	12.688
1342800	12.688
1343400	12.625
1344000	12.563
1344600	12.5
1345200	12.44999
1345800	12.38718
1346400	12.32499
1347000	12.26218
1347600	12.19999
1348200	12.13718
1348800	12.07499
1349400	12.01218
1350000	11.88718
1350600	11.76218
1351200	11.63718
1351800	11.625
1352400	11.563
1353000	11.44999
1353600	11.375
1354200	11.32499
1354800	11.313
1355400	11.25
1356000	11.19999
1356600	10.96217
1357200	10.88718
1357800	10.92582
1358400	10.938
1359000	10.98801
1359600	11.063
1360200	11.17582
1360800	11.30082
1361400	11.53883
1362000	11.67582
1362600	11.80082
1363200	12.15165
1363800	12.41383
1364400	12.60083
1365000	12.72583
1365600	13.03883
1366200	13.22583
1366800	13.36301
1367400	13.76467
1368000	14.10083
1368600	14.22583
1369200	14.5
1369800	14.27417
1370400	14.82915
1371000	15.84133
1371600	16.17582
1372200	16.62749
1372800	16.86301
1373400	16.88718
1374000	17.35332
1374600	17.563
1375200	17.625
1375800	17.06051
1376400	16.72415
1377000	17.21633
1377600	17.59915
1378200	17.91551
1378800	18.51467
1379400	18.93968
1380000	19.188
1380600	19.84133
1381200	20.375
1381800	20.38718
1382400	20.47583
1383000	21.40582
1383600	22.66135
1384200	23.76635
1384800	24.16383
1385400	24.22832
1386000	24.20968
1386600	23.29833
1387200	22.40967
1387800	21.4475
1388400	20.62332
1389000	20.22415
1389600	19.62332
1390200	18.9475
1390800	18.31051
1391400	17.81051
1392000	17.36133
1392600	17.08717
1393200	16.88718
1393800	16.47415
1394400	16.21217
1395000	15.91135
1395600	15.64917
1396200	15.44999
1396800	15.19999
1397400	15.063
1398000	14.77417
1398600	14.57499
1399200	14.33717
1399800	14.14917
1400400	13.96217
1401000	13.71217
1401600	13.57499
1402200	13.39917
1402800	13.09915
1403400	13.01218
1404000	12.82499
1404600	12.64917
1405200	12.51218
1405800	12.38718
1406400	12.26218
1407000	12.19999
1407600	12.07499
1408200	11.94999
1408800	11.875
1409400	11.64917
1410000	11.27417
1410600	11.03635
1411200	10.78635
1411800	10.63718
1412400	10.51218
1413000	10.27417
1413600	10.08717
1414200	10
1414800	9.77417
1415400	9.63718
1416000	9.39917
1416600	9.27417
1417200	9.19999
1417800	9.13718
1418400	8.96217
1419000	8.938
1419600	8.875
1420200	8.875
1420800	8.88718
1421400	8.813
1422000	8.75
1422600	8.69999
1423200	8.63718
1423800	8.57499
1424400	8.44999
1425000	8.33717
1425600	8.313
1426200	8.313
1426800	8.30082
1427400	8.188
1428000	8.17582
1428600	8.13718
1429200	8.13718
1429800	8.125
1430400	7.89917
1431000	7.69999
1431600	7.67582
1432200	7.73801
1432800	7.75
1433400	7.69999
1434000	7.63718
1434600	7.57499
1435200	7.625
1435800	7.625
1436400	7.57499
1437000	7.51218
1437600	7.44999
1438200	7.38718
1438800	7.32499
1439400	7.26218
1440000	7.188
1440600	7.01218
1441200	6.88718
1441800	6.76218
1442400	6.63718
1443000	6.51218
1443600	6.38718
1444200	6.375
1444800	6.26218
1445400	6.19999
1446000	6.125
1446600	6.01218
1447200	6
1447800	6.05082
1448400	6.33885
1449000	6.95167
1449600	7.51467
1450200	8.06468
1450800	8.57667
1451400	9.12749
1452000	9.7405
1452600	10.31468
1453200	10.83885
1453800	11.35083
1454400	12.00249
1455000	12.4905
1455600	13.20415
1456200	14.605
1456800	15.49218
1457400	16.15967
1458000	16.10332
1458600	17.73417
1459200	17.64332
1459800	18.6575
1460400	20.293
1461000	21.15333
1461600	21.88718
1462200	20.625
1462800	22.64383
1463400	24.24218
1464000	22.853
1464600	23.24218
1465200	24.69217
1465800	24.43383
1466400	23.62332
1467000	25.05499
1467600	24.30499
1468200	23.20135
1468800	22.96633
1469400	23.92165
1470000	23.74832
1470600	25.74467
1471200	25.08051
1471800	24.07499
1472400	25.63165
1473000	25.83885
1473600	26.57915
1474200	26.13967
1474800	25.46217
1475400	25.31468
1476000	25.12083
1476600	23.15133
1477200	21.13301
1477800	19.85885
1478400	19.0725
1479000	18.09667
1479600	17.48633
1480200	17.03635
1480800	16.48633
1481400	15.92333
1482000	15.42333
1482600	14.97415
1483200	14.54833
1483800	14.16135
1484400	13.72415
1485000	13.34915
1485600	12.92333
1486200	12.59915
1486800	12.27417
1487400	11.97415
1488000	11.59915
1488600	11.28635
1489200	10.97415
1489800	10.71217
1490400	10.46217
1491000	10.21217
1491600	9.96217
1492200	9.76218
1492800	9.52417
1493400	9.33717
1494000	9.13718
1494600	8.94999
1495200	8.71217
1495800	8.52417
1496400	8.32499
1497000	8.14917
1497600	7.96217
1498200	7.76218
1498800	7.63718
1499400	7.46217
1500000	7.27417
1500600	7.13718
1501200	6.94999
1501800	6.82499
1502400	6.69999
1503000	6.563
1503600	6.39917
1504200	6.313
1504800	6.14917
1505400	6.01218
1506000	5.88718
1506600	5.813
1507200	5.69999
1507800	5.57499
1508400	5.44999
1509000	5.375
1509600	5.26218
1510200	5.13718
1510800	5.063
1511400	4.94999
1512000	4.88718
1512600	4.813
1513200	4.69999
1513800	4.63718
1514400	4.51218
1515000	4.44999
1515600	4.32499
1516200	4.26218
1516800	4.19999
1517400	4.125
1518000	4.01218
1518600	3.94999
1519200	3.875
1519800	3.76218
1520400	3.688
1521000	3.625
1521600	3.563
1522200	3.5
1522800	3.438
1523400	3.375
1524000	3.26218
1524600	3.19999
1525200	3.13718
1525800	3.07499
1526400	2.94999
1527000	2.88718
1527600	2.82499
1528200	2.76218
1528800	2.688
1529400	2.63718
1530000	2.563
1530600	2.563
1531200	2.563
1531800	2.563
1532400	2.563
1533000	2.625
1533600	2.688
1534200	2.91383
1534800	3.54051
1535400	4.3655
1536000	5.0525
1536600	5.75249
1537200	6.47832
1537800	7.1775
1538400	7.9275
1539000	8.6775
1539600	9.47832
1540200	10.29051
1540800	11.1155
1541400	11.91551
1542000	12.8025
1542600	13.72832
1543200	14.5525
1543800	15.3025
1544400	16.16551
1545000	16.9275
1545600	17.6775
1546200	18.47832
1546800	19.12749
1547400	19.87749
1548000	20.75249
1548600	21.43968
1549200	21.88967
1549800	22.45167
1550400	22.95167
1551000	23.45167
1551600	24.07667
1552200	24.71385
1552800	25.22583
1553400	25.53883
1554000	25.77665
1554600	26.17582
1555200	26.50249
1555800	26.69999
1556400	26.96385
1557000	27.05082
1557600	27.16383
1558200	27.07499
1558800	27.28883
1559400	27.36301
1560000	27.42582
1560600	27.23633
1561200	26.89917
1561800	26.82499
1562400	26.59915
1563000	24.59883
1563600	21.95551
1564200	20.27
1564800	19.17165
1565400	18.15967
1566000	17.43551
1566600	16.81051
1567200	16.29833
1567800	15.79833
1568400	15.23633
1569000	14.73633
1569600	14.34915
1570200	13.91135
1570800	13.48633
1571400	13.14917
1572000	12.78635
1572600	12.41135
1573200	12.03635
1573800	11.66135
1574400	11.28635
1575000	10.97415
1575600	10.59915
1576200	10.33717
1576800	10.08717
1577400	9.77417
1578000	9.52417
1578600	9.27417
1579200	9.08717
1579800	8.83717
1580400	8.64917
1581000	8.39917
1581600	8.21217
1582200	8.02417
1582800	7.83717
1583400	7.64917
1584000	7.44999
1584600	7.32499
1585200	7.13718
1585800	6.94999
1586400	6.82499
1587000	6.63718
1587600	6.51218
1588200	6.38718
1588800	6.21217
1589400	6.07499
1590000	5.94999
1590600	5.82499
1591200	5.69999
1591800	5.57499
1592400	5.44999
1593000	5.32499
1593600	5.26218
1594200	5.13718
1594800	5.01218
1595400	4.88718
1596000	4.76218
1596600	4.688
1597200	4.57499
1597800	4.5
1598400	4.38718
1599000	4.26218
1599600	4.19999
1600200	4.07499
1600800	4
1601400	3.88718
1602000	3.813
1602600	3.75
1603200	3.63718
1603800	3.563
1604400	3.44999
1605000	3.375
1605600	3.26218
1606200	3.19999
1606800	3.07499
1607400	3.01218
1608000	2.94999
1608600	2.875
1609200	2.76218
1609800	2.69999
1610400	2.57499
1611000	2.51218
1611600	2.438
1612200	2.375
1612800	2.26218
1613400	2.19999
1614000	2.125
1614600	2.01218
1615200	1.94999
1615800	1.938
1616400	1.875
1617000	1.875
1617600	1.875
1618200	1.92582
1618800	1.938
1619400	2.05082
1620000	2.11301
1620600	2.40165
1621200	3.0525
1621800	3.75249
1622400	4.43968
1623000	5.1155
1623600	5.8655
1624200	6.54051
1624800	7.35332
1625400	8.0525
1626000	8.8025
1626600	9.6155
1627200	10.4275
1627800	11.34133
1628400	12.16551
1629000	12.8655
1629600	13.6155
1630200	14.41551
1630800	15.1155
1631400	15.8655
1632000	16.68968
1632600	17.4275
1633200	18.3025
1633800	18.93968
1634400	19.68968
1635000	20.41551
1635600	21.21385
1636200	21.62749
1636800	22.15165
1637400	22.6155
1638000	23.2405
1638600	23.83885
1639200	24
1639800	24.22583
1640400	24.91551
1641000	25.41383
1641600	25.66383
1642200	25.80082
1642800	25.85083
1643400	25.98801
1644000	26.11301
1644600	26.30082
1645200	26.32499
1645800	26.30082
1646400	26.32499
1647000	26.125
1647600	25.84915
1648200	25.78635
1648800	25.52417
1649400	24.06417
1650000	21.38133
1650600	19.80883
1651200	18.72167
1651800	17.8225
1652400	17.0105
1653000	16.37332
1653600	15.79833
1654200	15.23633
1654800	14.73633
1655400	14.28635
1656000	13.91135
1656600	13.48633
1657200	13.09915
1657800	12.72415
1658400	12.41135
1659000	12.03635
1659600	11.72415
1660200	11.34915
1660800	11.03635
1661400	10.72415
1662000	10.39917
1662600	10.14917
1663200	9.83717
1663800	9.58717
1664400	9.33717
1665000	9.08717
1665600	8.88718
1666200	8.63718
1666800	8.44999
1667400	8.26218
1668000	8.02417
1668600	7.83717
1669200	7.69999
1669800	7.46217
1670400	7.32499
1671000	7.13718
1671600	6.96217
1672200	6.82499
1672800	6.64917
1673400	6.51218
1674000	6.38718
1674600	6.26218
1675200	6.07499
1675800	5.94999
1676400	5.82499
1677000	5.69999
1677600	5.57499
1678200	5.44999
1678800	5.32499
1679400	5.19999
1680000	5.07499
1680600	5.01218
1681200	4.88718
1681800	4.76218
1682400	4.63718
1683000	4.563
1683600	4.44999
1684200	4.33717
1684800	4.26218
1685400	4.188
1686000	4.07499
1686600	4
1687200	3.88718
1687800	3.82499
1688400	3.75
1689000	3.63718
1689600	3.563
1690200	3.44999
1690800	3.375
1691400	3.313
1692000	3.19999
1692600	3.125
1693200	3.01218
1693800	2.94999
1694400	2.88718
1695000	2.76218
1695600	2.75
1696200	2.63718
1696800	2.563
1697400	2.5
1698000	2.438
1698600	2.32499
1699200	2.26218
1699800	2.23801
1700400	2.125
1701000	2.063
1701600	2.01218
1702200	2
1702800	1.94999
1703400	1.938
1704000	1.98801
1704600	2
1705200	2.063
1705800	2.17582
1706400	2.30082
1707000	2.62749
1707600	3.47832
1708200	4.2405
1708800	4.9905
1709400	5.68968
1710000	6.4275
1710600	7.22832
1711200	7.9905
1711800	8.84133
1712400	9.6155
1713000	10.43968
1713600	11.2405
1714200	12.15333
1714800	12.81468
1715400	13.6155
1716000	14.41551
1716600	15.3025
1717200	16.10332
1717800	16.8655
1718400	17.6155
1719000	18.4275
1719600	19.2405
1720200	19.9275
1720800	20.60083
1721400	21.06468
1722000	21.63967
1722600	22.3025
1723200	22.72583
1723800	23.10083
1724400	23.68968
1725000	24.03883
1725600	24.46385
1726200	24.88967
1726800	25.3655
1727400	25.688
1728000	26.12749
1728600	26.53883
1729200	26.80082
1729800	27.02665
1730400	27.15165
1731000	27.30082
1731600	27.313
1732200	27.09915
1732800	27.063
1733400	27.11301
1734000	26.94999
1734600	26.80082
1735200	26.52417
1735800	25.3425
1736400	22.41749
1737000	20.583
1737600	19.35885
1738200	18.40967
1738800	17.6355
1739400	16.93551
1740000	16.29833
1740600	15.79833
1741200	15.29833
1741800	14.86133
1742400	14.41135
1743000	14.03635
1743600	13.66135
1744200	13.28635
1744800	12.97415
1745400	12.64917
1746000	12.28635
1746600	11.97415
1747200	11.59915
1747800	11.28635
1748400	10.96217
1749000	10.64917
1749600	10.34915
1750200	10.08717
1750800	9.83717
1751400	9.58717
1752000	9.33717
1752600	9.08717
1753200	8.88718
1753800	8.64917
1754400	8.44999
1755000	8.21217
1755600	8.02417
1756200	7.83717
1756800	7.63718
1757400	7.46217
1758000	7.27417
1758600	7.08717
1759200	6.94999
1759800	6.76218
1760400	6.58717
1761000	6.44999
1761600	6.26218
1762200	6.08717
1762800	5.94999
1763400	5.82499
1764000	5.63718
1764600	5.51218
1765200	5.38718
1765800	5.32499
1766400	5.19999
1767000	5.07499
1767600	5.01218
1768200	4.88718
1768800	4.76218
1769400	4.688
1770000	4.57499
1770600	4.44999
1771200	4.32499
1771800	4.19999
1772400	4.13718
1773000	4.01218
1773600	3.94999
1774200	3.82499
1774800	3.76218
1775400	3.63718
1776000	3.57499
1776600	3.5
1777200	3.38718
1777800	3.26218
1778400	3.19999
1779000	3.07499
1779600	2.96217
1780200	2.88718
1780800	2.76218
1781400	2.63718
1782000	2.625
1782600	2.51218
1783200	2.38718
1783800	2.32499
1784400	2.25
1785000	2.13718
1785600	2.063
1786200	2
1786800	1.938
1787400	1.82499
1788000	1.813
1788600	1.69999
1789200	1.688
1789800	1.67582
1790400	1.688
1791000	1.73801
1791600	1.80082
1792200	1.86301
1792800	2.05082
1793400	2.59133
1794000	3.47832
1794600	4.29051
1795200	5.0525
1795800	5.85332
1796400	6.6775
1797000	7.47832
1797600	8.3025
1798200	9.16551
1798800	10.10332
1799400	10.91551
1800000	11.79051
1800600	12.60332
1801200	13.52833
1801800	14.41551
1802400	15.39135
1803000	16.26635
1803600	17.16551
1804200	17.97832
1804800	18.89135
1805400	19.68968
1806000	20.60332
1806600	21.37749
1807200	22.1155
1807800	22.91551
1808400	23.6155
1809000	24.25249
1809600	24.87749
1810200	25.47832
1810800	25.91383
1811400	26.33885
1812000	26.85083
1812600	27.38967
1813200	27.88967
1813800	28.09072
