0	14.26218
600	14.25
1200	15.47583
1800	15.563
2400	15.5
3000	15.7405
3600	16.37749
4200	16.90165
4800	17.21385
5400	17.52665
6000	17.90165
6600	18.16383
7200	18.36301
7800	17.69582
8400	16.81051
9000	16.34915
9600	16.03635
10200	15.83717
10800	15.63718
11400	15.5
12000	15.32499
12600	15.19999
13200	15.01218
13800	14.88718
14400	14.813
15000	14.69999
15600	14.63718
16200	14.563
16800	14.44999
17400	14.438
18000	14.32499
18600	14.26218
19200	14.19999
19800	14.125
20400	14.07499
21000	14.01218
21600	13.94999
22200	13.82499
22800	13.813
23400	13.75
24000	13.69999
24600	13.63718
25200	13.625
25800	13.57499
26400	13.563
27000	13.5
27600	13.438
28200	13.38718
28800	13.33717
29400	13.313
30000	13.313
30600	13.26218
31200	13.25
31800	13.188
32400	13.188
33000	13.188
33600	13.125
34200	13.07499
34800	13.063
35400	13.063
36000	13
36600	13
37200	12.98801
37800	12.938
38400	12.938
39000	12.938
39600	12.875
40200	12.875
40800	12.82499
41400	12.813
42000	12.813
42600	12.75
43200	12.75
43800	12.75
44400	12.69999
45000	12.688
45600	12.63718
46200	12.625
46800	12.625
47400	12.625
48000	12.625
48600	12.563
49200	12.563
49800	12.51218
50400	12.5
51000	12.5
51600	12.5
52200	12.438
52800	12.438
53400	12.438
54000	12.375
54600	12.375
55200	12.375
55800	12.375
56400	12.313
57000	12.313
57600	12.313
58200	12.26218
58800	12.26218
59400	12.25
60000	12.25
60600	12.25
61200	12.19999
61800	12.188
62400	12.438
63000	13.19217
63600	14.04051
64200	14.68968
64800	15.26467
65400	15.76467
66000	16.08885
66600	16.40165
67200	16.66383
67800	16.85083
68400	16.98801
69000	17.11301
69600	17.188
70200	17.188
70800	17.13718
71400	17.01218
72000	16.94999
72600	16.938
73200	16.98801
73800	17
74400	17.063
75000	17.125
75600	17.17582
76200	17.25
76800	17.36301
77400	17.60083
78000	17.73801
78600	17.813
79200	18.03883
79800	18.125
80400	18.125
81000	18.17582
81600	18.35083
82200	18.48801
82800	18.61301
83400	18.67582
84000	18.75
84600	18.86301
85200	18.98801
85800	18.59667
86400	18.64383
87000	20.80499
87600	21.76467
88200	22.54051
88800	22.0305
89400	19.93383
90000	20.48665
90600	20.895
91200	19.48385
91800	19.13718
92400	19.125
93000	19.125
93600	19.17582
94200	19.25
94800	19.25
95400	19.25
96000	19.25
96600	18.49832
97200	18.09915
97800	17.83717
98400	17.57499
99000	17.38718
99600	17.14917
100200	17.01218
100800	16.83717
101400	16.69999
102000	16.57499
102600	16.44999
103200	16.32499
103800	16.19999
104400	16.07499
105000	15.94999
105600	15.88718
106200	15.813
106800	15.688
107400	15.625
108000	15.5
108600	15.438
109200	15.313
109800	15.19999
110400	15.188
111000	15.07499
111600	15
112200	14.938
112800	14.82499
113400	14.76218
114000	14.69999
114600	14.625
115200	14.563
115800	14.44999
116400	14.38718
117000	14.26218
117600	14.13718
118200	14.01218
118800	13.94999
119400	13.82499
120000	13.813
120600	13.688
121200	13.625
121800	13.51218
122400	13.44999
123000	13.375
123600	13.313
124200	13.25
124800	13.188
125400	13.125
126000	13.063
126600	13
127200	12.94999
127800	12.875
128400	12.813
129000	12.80082
129600	12.69999
130200	12.63718
130800	12.57499
131400	12.51218
132000	12.44999
132600	12.438
133200	12.375
133800	12.313
134400	12.26218
135000	12.25
135600	12.13718
136200	12.125
136800	12.063
137400	12.01218
138000	12
138600	11.938
139200	11.875
139800	11.875
140400	11.813
141000	11.75
141600	11.75
142200	11.73801
142800	11.688
143400	11.625
144000	11.57499
144600	11.563
145200	11.51218
145800	11.5
146400	11.438
147000	11.438
147600	11.375
148200	11.375
148800	11.71385
149400	12.20167
150000	12.63967
150600	12.96385
151200	13.28883
151800	13.53883
152400	13.78883
153000	13.98801
153600	14.17582
154200	14.35083
154800	14.48801
155400	14.67582
156000	14.80082
156600	14.86301
157200	14.98801
157800	15.05082
158400	15.22583
159000	15.36301
159600	15.53883
160200	15.67582
160800	15.80082
161400	15.938
162000	16.05082
162600	16.17582
163200	16.23801
163800	16.25
164400	16.313
165000	16.42582
165600	16.48801
166200	16.563
166800	16.625
167400	16.67582
168000	16.73801
168600	16.80082
169200	16.97583
169800	17.11301
170400	17.23801
171000	17.42582
171600	17.55082
172200	17.625
172800	17.67582
173400	17.688
174000	18.28499
174600	19.69999
175200	19.18383
175800	18.79833
176400	19.89917
177000	18.583
177600	17.73633
178200	17.688
178800	17.73801
179400	17.80082
180000	17.86301
180600	17.875
181200	17.875
181800	17.1975
182400	16.78635
183000	16.52417
183600	16.32499
184200	16.13718
184800	16.01218
185400	15.88718
186000	15.76218
186600	15.63718
187200	15.51218
187800	15.438
188400	15.32499
189000	15.25
189600	15.13718
190200	15.01218
190800	14.94999
191400	14.875
192000	14.813
192600	14.69999
193200	14.63718
193800	14.563
194400	14.44999
195000	14.38718
195600	14.32499
196200	14.25
196800	14.188
197400	14.07499
198000	14.063
198600	13.94999
199200	13.88718
199800	13.82499
200400	13.75
201000	13.688
201600	13.625
202200	13.57499
202800	13.563
203400	13.44999
204000	13.438
204600	13.32499
205200	13.313
205800	13.25
206400	13.19999
207000	13.13718
207600	13.07499
208200	13.063
208800	13
209400	12.94999
210000	12.875
210600	12.82499
211200	12.813
211800	12.75
212400	12.688
213000	12.625
213600	12.57499
214200	12.51218
214800	12.44999
215400	12.438
216000	12.375
216600	12.32499
217200	12.26218
217800	12.25
218400	12.188
219000	12.125
219600	12.07499
220200	12.063
220800	12
221400	11.94999
222000	11.875
222600	11.82499
223200	11.76218
223800	11.75
224400	11.688
225000	11.63718
225600	11.57499
226200	11.51218
226800	11.5
227400	11.438
228000	11.375
228600	11.32499
229200	11.26218
229800	11.25
230400	11.188
231000	11.125
231600	11.07499
232200	11.01218
232800	10.94999
233400	10.938
234000	10.875
234600	10.813
235200	10.813
235800	10.75
236400	10.688
237000	10.688
237600	10.625
238200	10.57499
238800	10.563
239400	10.51218
240000	10.5
240600	10.44999
241200	10.438
241800	10.438
242400	10.438
243000	10.375
243600	10.375
244200	10.375
244800	10.375
245400	10.375
246000	10.375
246600	10.375
247200	10.375
247800	10.375
248400	10.375
249000	10.375
249600	10.375
250200	10.375
250800	10.375
251400	10.375
252000	10.375
252600	10.375
253200	10.375
253800	10.375
254400	10.375
255000	10.375
255600	10.375
256200	10.375
256800	10.42582
257400	10.438
258000	10.438
258600	10.438
259200	10.438
259800	10.438
260400	10.438
261000	10.438
261600	10.438
262200	10.438
262800	10.438
263400	10.438
264000	10.438
264600	10.438
265200	10.438
265800	10.438
266400	10.438
267000	10.438
267600	10.438
268200	10.438
268800	10.44999
269400	10.438
270000	10.438
270600	10.44999
271200	10.438
271800	10.438
272400	10.44999
273000	10.438
273600	10.48801
274200	10.44999
274800	10.438
275400	10.48801
276000	10.438
276600	10.438
277200	10.438
277800	10.48801
278400	10.438
279000	10.44999
279600	10.438
280200	10.438
280800	10.438
281400	10.48801
282000	10.438
282600	10.438
283200	10.438
283800	10.438
284400	10.438
285000	10.438
285600	10.438
286200	10.438
286800	10.438
287400	10.438
288000	10.438
288600	10.438
289200	10.38718
289800	10.38718
290400	10.375
291000	10.375
291600	10.375
292200	10.36301
292800	10.375
293400	10.36301
294000	10.375
294600	10.313
295200	10.313
295800	10.313
296400	10.313
297000	10.313
297600	10.313
298200	10.313
298800	10.313
299400	10.25
300000	10.30082
300600	10.25
301200	10.25
301800	10.25
302400	10.25
303000	10.25
303600	10.188
304200	10.188
304800	10.188
305400	10.188
306000	10.188
306600	10.125
307200	10.125
307800	10.125
308400	10.13718
309000	10.125
309600	10.125
310200	10.125
310800	10.125
311400	10.07499
312000	10.063
312600	10.063
313200	10.063
313800	10.063
314400	10.063
315000	10
315600	10
316200	10
316800	10
317400	10
318000	9.98801
318600	9.938
319200	9.938
319800	9.938
320400	9.938
321000	9.88718
321600	9.875
322200	9.875
322800	9.875
323400	9.875
324000	9.875
324600	9.875
325200	9.875
325800	9.875
326400	9.86301
327000	9.86301
327600	9.82499
328200	9.813
328800	9.82499
329400	9.813
330000	9.813
330600	9.86301
331200	9.813
331800	9.813
332400	9.813
333000	9.813
333600	9.875
334200	9.875
334800	9.875
335400	9.875
336000	9.875
336600	9.875
337200	9.938
337800	9.88718
338400	9.938
339000	9.938
339600	9.938
340200	9.94999
340800	10
341400	10
342000	10
342600	10
343200	10.05082
343800	10.063
344400	10.063
345000	10.11301
345600	10.11301
346200	10.125
346800	10.125
347400	10.125
348000	10.188
348600	10.188
349200	10.188
349800	10.25
350400	10.25
351000	10.25
351600	10.30082
352200	10.313
352800	10.313
353400	10.36301
354000	10.375
354600	10.375
355200	10.42582
355800	10.438
356400	10.438
357000	10.438
357600	10.438
358200	10.48801
358800	10.5
359400	10.5
360000	10.5
360600	10.5
361200	10.563
361800	10.563
362400	10.563
363000	10.563
363600	10.563
364200	10.61301
364800	10.563
365400	10.625
366000	10.625
366600	10.625
367200	10.625
367800	10.625
368400	10.625
369000	10.625
369600	10.625
370200	10.625
370800	10.625
371400	10.625
372000	10.625
372600	10.625
373200	10.625
373800	10.625
374400	10.625
375000	10.625
375600	10.625
376200	10.625
376800	10.61301
377400	10.61301
378000	10.625
378600	10.57499
379200	10.563
379800	10.563
380400	10.563
381000	10.563
381600	10.563
382200	10.51218
382800	10.5
383400	10.5
384000	10.5
384600	10.48801
385200	10.438
385800	10.438
386400	10.438
387000	10.38718
387600	10.375
388200	10.375
388800	10.32499
389400	10.313
390000	10.313
390600	10.313
391200	10.25
391800	10.25
392400	10.25
393000	10.188
393600	10.188
394200	10.125
394800	10.07499
395400	10.063
396000	10.063
396600	10
397200	10.01218
397800	10
398400	9.938
399000	9.938
399600	9.938
400200	9.875
400800	9.875
401400	9.82499
402000	9.813
402600	9.813
403200	9.813
403800	9.75
404400	9.75
405000	9.75
405600	9.688
406200	9.688
406800	9.688
407400	9.86301
408000	10.21385
408600	10.52665
409200	10.83885
409800	11.22583
410400	11.53883
411000	11.85083
411600	12.21385
412200	12.47583
412800	12.83885
413400	13.15165
414000	13.52665
414600	13.85083
415200	14.21385
415800	14.53883
416400	14.85083
417000	15.15165
417600	15.46385
418200	15.77665
418800	16.10083
419400	16.35083
420000	16.66383
420600	16.91383
421200	17.21385
421800	17.46385
422400	17.73801
423000	18.03883
423600	18.23801
424200	18.47583
424800	18.67582
425400	18.91383
426000	19.21385
426600	19.42582
427200	19.67582
427800	19.86301
428400	20.08885
429000	20.28883
429600	20.47583
430200	20.66383
430800	20.78883
431400	20.92582
432000	21.05082
432600	21.28883
433200	21.48801
433800	21.5
434400	21.30883
435000	21.24832
435600	21.23801
436200	23.00417
436800	23.60083
437400	23.73801
438000	24.02665
438600	24.46385
439200	23.83051
439800	21.958
440400	21.11133
441000	20.82499
441600	20.76218
442200	20.52417
442800	20.27417
443400	20.02417
444000	19.67333
444600	19.28635
445200	18.91135
445800	18.48633
446400	18.09915
447000	17.54833
447600	17.04833
448200	16.61133
448800	16.22415
449400	15.78635
450000	15.46217
450600	15.09915
451200	14.78635
451800	14.52417
452400	14.38718
453000	14.375
453600	14.32499
454200	14.313
454800	14.19999
455400	14.13718
456000	14.063
456600	13.94999
457200	13.875
457800	13.76218
458400	13.69999
459000	13.52417
459600	13.44999
460200	13.27417
460800	13.19999
461400	13.07499
462000	12.94999
462600	12.82499
463200	12.69999
463800	12.625
464400	12.51218
465000	12.44999
465600	12.375
466200	12.313
466800	12.19999
467400	12.13718
468000	12.01218
468600	11.88718
469200	11.76218
469800	11.63718
470400	11.51218
471000	11.563
471600	11.625
472200	11.67582
472800	11.625
473400	11.625
474000	11.625
474600	11.625
475200	11.625
475800	11.625
476400	11.625
477000	11.563
477600	11.563
478200	11.563
478800	11.51218
479400	11.44999
480000	11.38718
480600	11.313
481200	11.313
481800	11.26218
482400	11.25
483000	11.13718
483600	11.07499
484200	11.063
484800	11.063
485400	11.063
486000	11
486600	10.938
487200	10.88718
487800	10.813
488400	10.813
489000	10.86301
489600	10.813
490200	10.813
490800	10.813
491400	10.813
492000	10.75
492600	10.688
493200	10.63718
493800	10.625
494400	10.57499
495000	10.625
495600	10.57499
496200	10.46217
496800	10.32499
497400	10.19999
498000	10.125
498600	10.125
499200	10.45167
499800	10.72583
500400	11.10083
501000	11.5525
501600	12.21633
502200	13.39135
502800	14.34133
503400	14.77665
504000	15.27665
504600	16.00249
505200	16.85332
505800	17.72832
506400	18.4905
507000	19.3025
507600	20.01467
508200	20.4905
508800	21.3025
509400	22.07667
510000	22.65165
510600	23.47832
511200	24.15165
511800	24.91551
512400	25.22415
513000	25.67582
513600	26.32667
514200	26.96385
514800	27.50249
515400	28.01467
516000	28.23801
516600	28.1975
517200	28.60083
517800	29.01467
518400	29.57667
519000	29.90165
519600	30.10083
520200	30.17582
520800	30.26218
521400	30.35083
522000	30.33717
522600	30.19999
523200	30.11133
523800	30.06468
524400	29.61133
525000	29.03883
525600	28.43135
526200	25.95551
526800	24.38301
527400	23.28467
528000	22.3855
528600	21.6355
529200	20.93551
529800	20.37332
530400	19.91135
531000	19.47415
531600	19.11133
532200	18.72415
532800	18.34915
533400	17.97415
534000	17.59915
534600	17.22415
535200	16.84915
535800	16.47415
536400	16.16135
537000	15.78635
537600	15.47415
538200	15.16135
538800	14.89917
539400	14.64917
540000	14.39917
540600	14.19999
541200	14.07499
541800	13.94999
542400	13.82499
543000	13.58717
543600	13.33717
544200	13.13718
544800	13.01218
545400	12.82499
546000	12.69999
546600	12.63718
547200	12.51218
547800	12.38718
548400	12.14917
549000	11.96217
549600	11.71217
550200	11.52417
550800	11.33717
551400	11.19999
552000	11.02417
552600	10.83717
553200	10.64917
553800	10.51218
554400	10.33717
555000	10.19999
555600	10.01218
556200	9.88718
556800	9.76218
557400	9.57499
558000	9.44999
558600	9.32499
559200	9.19999
559800	9.125
560400	9.01218
561000	8.88718
561600	8.813
562200	8.69999
562800	8.625
563400	8.5
564000	8.38718
564600	8.313
565200	8.19999
565800	8.13718
566400	8.063
567000	7.938
567600	7.82499
568200	7.75
568800	7.688
569400	7.625
570000	7.51218
570600	7.44999
571200	7.375
571800	7.26218
572400	7.19999
573000	7.13718
573600	7.07499
574200	7.01218
574800	6.94999
575400	6.938
576000	6.875
576600	6.813
577200	6.75
577800	6.69999
578400	6.63718
579000	6.625
579600	6.563
580200	6.563
580800	6.563
581400	6.625
582000	6.73801
582600	6.86301
583200	6.98801
583800	7.17582
584400	7.46385
585000	7.88967
585600	8.38967
586200	8.88967
586800	9.45167
587400	10.00249
588000	10.6775
588600	11.4905
589200	12.2405
589800	13.10332
590400	14.04051
591000	14.8025
591600	15.6775
592200	16.64135
592800	17.65333
593400	18.5525
594000	19.47832
594600	20.20415
595200	19.49583
595800	20.36718
596400	20.93968
597000	21.49218
597600	21.54417
598200	20.00801
598800	18.73385
599400	19.71
600000	21.29051
600600	21.13133
601200	21.19217
601800	20.75249
602400	21.18167
603000	20.88718
603600	22.043
604200	20.98633
