0	12.17112
600	12.48876
1200	12.18487
1800	11.85022
2400	11.64743
3000	11.58868
3600	11.40477
4200	11.28344
4800	11.313
5400	11.22806
6000	11.10654
6600	10.90806
7200	10.67662
7800	10.48463
8400	10.17991
9000	9.93719
9600	9.63473
10200	9.27751
10800	8.96947
11400	8.60536
12000	8.24126
12600	8.00215
13200	7.73816
13800	7.49544
14400	7.31472
15000	7.13501
15600	6.95429
16200	6.77457
16800	6.59385
17400	6.42597
18000	6.29601
18600	6.12018
19200	5.93678
19800	5.81541
20400	5.75
21000	5.57263
21600	5.45124
22200	5.32985
22800	5.20847
23400	5.11154
24000	5.02814
24600	4.90681
25200	4.813
25800	4.72652
26400	4.60514
27000	4.54649
27600	4.48736
28200	4.36597
28800	4.24458
29400	4.18617
30000	4.06481
30600	3.94342
31200	3.82203
31800	3.813
32400	3.70425
33000	3.625
33600	3.52365
34200	3.46489
34800	3.3435
35400	3.28466
36000	3.188
36600	3.125
37200	3.04567
37800	2.98656
38400	2.86517
39000	2.813
39600	2.74739
40200	2.688
40800	2.625
41400	2.563
42000	2.5
42600	2.438
43200	2.375
43800	2.27283
44400	2.21408
45000	2.188
45600	2.125
46200	2.03751
46800	2
47400	1.938
48000	1.875
48600	1.813
49200	1.75
49800	1.688
50400	1.688
51000	1.625
51600	1.563
52200	1.51121
52800	1.48535
53400	1.438
54000	1.375
54600	1.33848
55200	1.313
55800	1.22071
56400	1.188
57000	1.16557
57600	1.10634
58200	1.063
58800	1.05138
59400	1
60000	0.938
60600	0.938
61200	0.87806
61800	0.813
62400	0.813
63000	0.76423
63600	0.75
64200	0.688
64800	0.688
65400	0.688
66000	0.7181
66600	0.813
67200	0.89824
67800	1.01957
68400	1.17246
69000	1.47431
69600	1.76699
70200	2.0146
70800	2.31663
71400	2.6807
72000	2.98786
72600	3.35558
73200	3.7233
73800	4.02902
74400	4.27174
75000	4.51446
75600	4.79149
76200	5.12489
76800	5.4574
77400	5.84547
78000	6.37352
78600	6.60855
79200	6.82767
79800	7.27799
80400	7.83565
81000	8.06501
81600	8.4299
82200	8.80248
82800	9.45557
83400	9.88784
84000	10.32659
84600	10.69069
85200	11.0548
85800	11.32079
86400	11.56372
87000	11.80663
87600	11.10376
88200	10.14499
88800	9.55542
89400	9.20885
90000	8.85477
90600	8.61206
91200	8.36934
91800	8.1888
92400	8.00449
93000	7.82103
93600	7.64846
94200	7.46834
94800	7.28762
95400	7.14763
96000	6.96388
96600	6.74747
97200	6.56675
97800	6.32403
98400	6.14431
99000	5.96359
99600	5.78387
100200	5.61417
100800	5.43066
101400	5.30572
102000	5.188
102600	5.06661
103200	4.94522
103800	4.82383
104400	4.70245
105000	4.58086
105600	4.45947
106200	4.40049
106800	4.27916
107400	4.15783
108000	4.09892
108600	3.97753
109200	3.91883
109800	3.813
110400	3.73836
111000	3.625
111600	3.55831
112200	3.499
112800	3.37765
113400	3.313
114000	3.19783
114600	3.125
115200	3.01733
115800	2.95867
116400	2.875
117000	2.813
117600	2.75
118200	2.688
118800	2.625
119400	2.563
120000	2.48395
120600	2.42536
121200	2.36617
121800	2.3077
122400	2.188
123000	2.12704
123600	2.06844
124200	2.00917
124800	2
125400	1.89151
126000	1.83286
126600	1.813
127200	1.75
127800	1.688
128400	1.65966
129000	1.60072
129600	1.5
130200	1.48294
130800	1.438
131400	1.438
132000	1.43168
132600	1.37239
133200	1.313
133800	1.25
134400	1.25
135000	1.19964
135600	1.188
136200	1.27497
136800	1.54017
137400	1.82241
138000	2.06513
138600	2.27916
139200	2.46308
139800	2.58447
140400	2.688
141000	2.75
141600	2.813
142200	2.88234
142800	2.99639
143400	3
144000	3.05933
144600	3.17344
145200	3.25
145800	3.29832
146400	3.41965
147000	3.54118
147600	3.59992
148200	3.65884
148800	3.7177
149400	3.813
150000	3.83547
150600	3.89417
151200	3.95325
151800	4.01183
152400	4.125
153000	4.19241
153600	4.25082
154200	4.37219
154800	4.49376
155400	4.61517
156000	4.73656
156600	4.85794
157200	5.042
157800	5.20105
158400	5.38177
159000	5.5935
159600	5.80421
160200	5.98493
160800	6.16464
161400	6.43972
162000	6.85052
162600	7.0808
163200	7.39604
163800	8.12824
164400	8.61286
165000	9.22173
165600	9.89227
166200	10.38703
166800	10.82598
167400	11.2949
168000	11.67919
168600	12.10586
169200	12.43921
169800	12.77151
170400	12.98654
171000	13.20847
171600	13.32985
172200	13.4647
172800	13.55301
173400	13.60624
174000	12.54196
174600	11.69407
175200	11.20661
175800	10.89159
176400	10.71187
177000	10.46915
177600	10.28843
178200	10.14804
178800	10.02671
179400	9.81028
180000	9.65905
180600	9.44984
181200	9.20712
181800	8.96429
182400	8.72128
183000	8.47856
183600	8.1738
184200	7.93029
184800	7.68679
185400	7.50306
186000	7.26335
186600	7.1354
187200	6.96591
187800	6.83046
188400	6.64641
189000	6.52508
189600	6.40375
190200	6.28242
190800	6.188
191400	6.03976
192000	5.938
192600	5.79705
193200	5.688
193800	5.55423
194400	5.438
195000	5.3736
195600	5.313
196200	5.19382
196800	5.188
197400	5.188
198000	5.125
198600	5.125
199200	5.188
199800	5.188
200400	5.188
201000	5.21529
201600	5.188
202200	5.188
202800	5.125
203400	5.13809
204000	5.32223
204600	5.438
205200	5.313
205800	5.25143
206400	5.48989
207000	5.46402
207600	5.41332
208200	5.25192
208800	4.97724
209400	4.83607
210000	5.01739
210600	5.3449
211200	5.49504
211800	5.60032
212400	5.5
213000	5.46481
213600	5.375
214200	5.375
214800	5.38173
215400	5.438
216000	5.4994
216600	5.563
217200	5.625
217800	5.625
218400	5.64024
219000	5.66924
219600	5.625
220200	5.625
220800	5.625
221400	5.625
222000	5.625
222600	5.70987
223200	5.76855
223800	5.813
224400	5.875
225000	5.94542
225600	6
226200	6.0002
226800	6.063
227400	6.125
228000	6.17719
228600	6.125
229200	6.125
229800	6.125
230400	6.125
231000	6.125
231600	6.125
232200	6.125
232800	6.14804
233400	6.188
234000	6.188
234600	6.25
235200	6.25836
235800	6.313
236400	6.314
237000	6.375
237600	6.375
238200	6.438
238800	6.438
239400	6.5
240000	6.563
240600	6.625
241200	6.688
241800	6.75
242400	6.84009
243000	6.96148
243600	7.3301
244200	7.64151
244800	7.625
245400	7.563
246000	7.56842
246600	7.75364
247200	7.99636
247800	8.35316
248400	8.616
249000	8.625
249600	8.67169
250200	8.73034
250800	8.9298
251400	9.063
252000	9.15701
252600	9.30623
253200	9.72321
253800	10.10507
254400	10.17047
255000	10.063
255600	10.063
256200	9.98706
256800	9.813
257400	9.813
258000	9.75
258600	9.688
259200	9.688
259800	9.688
260400	9.688
261000	9.625
261600	9.625
262200	9.563
262800	9.563
263400	9.5
264000	9.5
264600	9.5
265200	9.48555
265800	9.375
266400	9.313
267000	9.313
267600	9.313
268200	9.25
268800	9.25
269400	9.25
270000	9.188
270600	9.14315
271200	9.08447
271800	9.063
272400	9.063
273000	9.03283
273600	9
274200	9
274800	8.95686
275400	8.938
276000	8.938
276600	8.938
277200	8.93331
277800	8.875
278400	8.875
279000	8.875
279600	8.938
280200	8.875
280800	8.875
281400	8.875
282000	8.875
282600	8.875
283200	8.875
283800	8.875
284400	8.813
285000	8.813
285600	8.813
286200	8.75
286800	8.75
287400	8.75
288000	8.75
288600	8.75
289200	8.75
289800	8.75
290400	8.73756
291000	8.688
291600	8.688
292200	8.64865
292800	8.563
293400	8.5945
294000	8.59711
294600	8.563
295200	8.542
295800	8.5
296400	8.54934
297000	8.5
297600	8.5
298200	8.5
298800	8.5
299400	8.44241
300000	8.438
300600	8.438
301200	8.3905
301800	8.438
302400	8.438
303000	8.438
303600	8.438
304200	8.438
304800	8.41251
305400	8.375
306000	8.2948
306600	8.29832
307200	8.188
307800	8.188
308400	8.25
309000	8.25
309600	8.25
310200	8.25
310800	8.25
311400	8.25
312000	8.25
312600	8.25
313200	8.25
313800	8.21689
314400	8.0955
315000	8
315600	8
316200	8
316800	8.0475
317400	7.94964
318000	7.938
318600	7.87059
319200	7.74838
319800	7.44529
320400	7.08116
321000	6.83242
321600	6.86176
322200	7.09102
322800	7.2922
323400	7.35092
324000	7.40986
324600	7.4687
325200	7.5
325800	7.563
326400	7.58286
327000	7.688
327600	7.813
328200	7.88417
328800	7.99456
329400	8.00183
330000	8.24514
330600	8.60396
331200	8.91123
331800	9
332400	9.07659
333000	9.313
333600	9.375
334200	9.438
334800	9.53301
335400	9.80623
336000	10.063
336600	10.16667
337200	10.33006
337800	10.313
338400	10.313
339000	10.375
339600	10.50526
340200	10.74798
340800	10.9291
341400	11.04677
342000	11.30117
342600	11.4225
343200	10.90791
343800	10.76769
344400	11.01041
345000	11.188
345600	11.18285
346200	11.41251
346800	11.33172
347400	11.25
348000	11.375
348600	11.30216
349200	11.25
349800	11.30933
350400	11.188
351000	11.06661
351600	10.82756
352200	10.76101
352800	10.70245
353400	10.64335
354000	10.64702
354600	10.46328
355200	10.27936
355800	10.15783
356400	10.0365
357000	9.85253
357600	9.79383
358200	9.6725
358800	9.53946
359400	9.29641
360000	9.05831
360600	8.80996
361200	8.44587
361800	8.20054
362400	7.95782
363000	7.82644
363600	7.64213
364200	7.47926
364800	7.33748
365400	7.18163
366000	7.0947
366600	6.97331
367200	6.89148
367800	6.75
368400	6.67189
369000	6.70024
369600	6.89239
370200	7.125
370800	7.063
371400	7.063
372000	7.05729
372600	7
373200	6.82584
373800	6.70445
374400	6.83455
375000	7.01527
375600	7.09771
376200	7.1564
376800	7.188
377400	7.25
378000	7.313
378600	7.32985
379200	7.38846
379800	7.438
380400	7.5
381000	7.50245
381600	7.563
382200	7.563
382800	7.625
383400	7.625
384000	7.625
384600	7.688
385200	7.688
385800	7.688
386400	7.7199
387000	7.75
387600	7.75
388200	7.75
388800	7.813
389400	7.813
390000	7.813
390600	7.813
391200	7.875
391800	7.875
392400	7.875
393000	7.875
393600	7.875
394200	7.875
394800	7.91924
395400	7.875
396000	7.875
396600	7.90823
397200	7.90456
397800	7.91211
398400	7.938
399000	7.91924
399600	7.938
400200	7.938
400800	7.938
401400	7.938
402000	7.938
402600	7.938
403200	7.938
403800	7.938
404400	7.938
405000	7.938
405600	7.938
406200	7.938
406800	7.96629
407400	7.9681
408000	7.96449
408600	8
409200	7.98074
409800	8
410400	8
411000	8
411600	8
412200	8
412800	8.06055
413400	8.063
414000	8.125
414600	8.125
415200	8.188
415800	8.22953
416400	8.28853
417000	8.34731
417600	8.40619
418200	8.438
418800	8.5
419400	8.58286
420000	8.625
420600	8.63805
421200	8.69743
421800	8.75298
422400	8.813
423000	8.8744
423600	8.938
424200	9
424800	9.063
425400	9.10995
426000	9.125
426600	9.188
427200	9.22432
427800	9.188
428400	9.188
429000	9.188
429600	9.20987
430200	9.25
430800	9.25
431400	9.25
432000	9.25
432600	9.25
433200	9.25
433800	9.19121
434400	9.188
435000	9.125
435600	9.125
436200	9.125
436800	9.063
437400	9.063
438000	9
438600	8.938
439200	8.91129
439800	8.875
440400	8.813
441000	8.75
441600	8.67577
442200	8.625
442800	8.563
443400	8.4988
444000	8.438
444600	8.38112
445200	8.375
445800	8.313
446400	8.26713
447000	8.25
447600	8.188
448200	8.188
448800	8.1567
449400	8.125
450000	8.125
450600	8.063
451200	8.063
451800	8.04995
452400	8
453000	8
453600	7.99799
454200	7.99839
454800	7.94322
455400	7.938
456000	7.938
456600	7.938
457200	7.938
457800	7.938
458400	7.90008
459000	7.875
459600	7.875
460200	7.875
460800	7.875
461400	7.83226
462000	7.813
462600	7.813
463200	7.813
463800	7.813
464400	7.813
465000	7.813
465600	7.80709
466200	7.75
466800	7.75
467400	7.70465
468000	7.70827
468600	7.688
469200	7.688
469800	7.688
470400	7.688
471000	7.688
471600	7.688
472200	7.688
472800	7.67475
473400	7.625
474000	7.625
474600	7.625
475200	7.625
475800	7.625
476400	7.563
477000	7.57504
477600	7.563
478200	7.51957
478800	7.52324
479400	7.5
480000	7.4681
480600	7.5
481200	7.47512
481800	7.47873
482400	7.438
483000	7.45205
483600	7.438
484200	7.438
484800	7.438
485400	7.438
486000	7.438
486600	7.438
487200	7.375
487800	7.42291
488400	7.375
489000	7.375
489600	7.375
490200	7.375
490800	7.375
491400	7.375
492000	7.35293
492600	7.35654
493200	7.313
493800	7.313
494400	7.313
495000	7.313
495600	7.313
496200	7.25306
496800	7.19462
497400	7.19823
498000	7.188
498600	7.25
499200	7.22893
499800	7.25
500400	7.25
501000	7.2199
501600	7.188
502200	7.21087
502800	7.25
503400	7.2659
504000	7.32504
504600	7.375
505200	7.375
505800	7.438
506400	7.438
507000	7.55709
507600	7.61557
508200	7.67475
508800	7.85835
509400	7.97973
510000	8.03886
510600	8.125
511200	8.188
511800	8.23311
512400	8.22512
513000	8.125
513600	8.04506
514200	8
514800	7.94863
515400	8
516000	8.00347
516600	8.063
517200	8.125
517800	8.188
518400	8.188
519000	8.13988
519600	8.125
520200	8.02222
520800	7.96348
521400	7.938
522000	7.90823
522600	7.875
523200	7.83527
523800	7.813
524400	7.75
525000	7.73856
525600	7.68005
526200	7.68372
526800	7.563
527400	7.563
528000	7.50673
528600	7.44823
529200	7.38907
529800	7.375
530400	7.313
531000	7.25
531600	7.25
532200	7.2197
532800	7.16088
533400	7.125
534000	7.063
534600	7.04689
535200	7
535800	6.938
536400	6.875
537000	6.87643
537600	6.87705
538200	6.875
538800	6.813
539400	6.813
540000	6.76672
540600	6.75
541200	6.75
541800	6.75
542400	6.75
543000	6.71549
543600	6.688
544200	6.625
544800	6.625
545400	6.625
546000	6.563
546600	6.563
547200	6.563
547800	6.563
548400	6.563
549000	6.563
549600	6.563
550200	6.5157
550800	6.5
551400	6.5
552000	6.46428
552600	6.438
553200	6.438
553800	6.438
554400	6.47873
555000	6.438
555600	6.438
556200	6.438
556800	6.375
557400	6.375
558000	6.3132
558600	6.313
559200	6.313
559800	6.25
560400	6.25
561000	6.25
561600	6.25
562200	6.25
562800	6.25
563400	6.25
564000	6.25
564600	6.21027
565200	6.20666
565800	6.25
566400	6.25
567000	6.188
567600	6.25
568200	6.2494
568800	6.188
569400	6.125
570000	6.063
570600	6.063
571200	6.08046
571800	6.10406
572400	6.063
573000	6.125
573600	6.0933
574200	6.125
574800	6.14845
575400	6.125
576000	6.14111
576600	6.188
577200	6.188
577800	6.188
578400	6.188
579000	6.24779
579600	6.25
580200	6.25
580800	6.23716
581400	6.29628
582000	6.25
582600	6.25
583200	6.22271
583800	6.188
584400	6.188
585000	6.188
585600	6.20827
586200	6.32965
586800	6.45104
587400	6.63458
588000	6.76819
588600	7.06541
589200	7.18678
589800	7.30811
590400	7.59958
591000	7.91373
591600	8.0471
592200	7.97683
592800	7.83587
593400	7.84851
594000	7.938
594600	7.875
595200	7.92476
595800	8.063
596400	8.063
597000	8.04893
597600	8.063
598200	8.20858
598800	8.375
599400	8.3134
600000	8.25
600600	8.19562
601200	8.188
601800	8.188
602400	8.188
603000	8.29057
603600	8.34932
604200	8.375
